1, -323963.2835187626, 0.0
2, -351932.957430328, -323963.2835187626
3, -191495.43410891504, -323963.2835187626
4, -475511.970789853, -191495.43410891504
5, -446386.6435176929, -191495.43410891504
6, -1151.0813387204626, -191495.43410891504
7, -354013.3667822577, -1151.0813387204626
8, -359175.2049024822, -1151.0813387204626
9, 0.0, -1151.0813387204626
10, 137.0869480720379, 0.0
11, -943.1258254170182, 137.0869480720379
12, -183424.7177933768, 137.0869480720379
13, -260524.17378492226, 137.0869480720379
14, -958.4808261916539, 137.0869480720379
15, -112458.15425909674, 137.0869480720379
16, -278134.398603022, 137.0869480720379
17, -181677.83735433055, 137.0869480720379
18, -66071.86224459358, 137.0869480720379
19, 0.0, 137.0869480720379
20, -281247.67527835537, 137.0869480720379
21, -949.5150453403639, 137.0869480720379
22, -452610.8574461307, 137.0869480720379
23, 0.0, 137.0869480720379
24, -566.8352284398705, 137.0869480720379
25, 134.80216560417014, 137.0869480720379
26, -177778.5228054126, 137.0869480720379
27, 134.27550142426577, 137.0869480720379
28, -276837.5880498448, 137.0869480720379
29, -346426.3532218786, 137.0869480720379
30, -349743.42989748146, 137.0869480720379
31, -410234.9345383673, 137.0869480720379
32, -1081.5572113328403, 137.0869480720379
33, -28351.834911115446, 137.0869480720379
34, -403439.40225253714, 137.0869480720379
35, -149336.29549114918, 137.0869480720379
36, -159.00491298291226, 137.0869480720379
37, -331712.91076795326, 137.0869480720379
38, 0.0, 137.0869480720379
39, -274326.5751951901, 137.0869480720379
40, -336824.7054050938, 137.0869480720379
41, -350605.19229172496, 137.0869480720379
42, 134.32501626296263, 137.0869480720379
43, -282.1648484747634, 137.0869480720379
44, -459.42966604985446, 137.0869480720379
45, -438908.4526992311, 137.0869480720379
46, -455884.06051367824, 137.0869480720379
47, -289.58434473204215, 137.0869480720379
48, -125485.39241768568, 137.0869480720379
49, -286475.3155308921, 137.0869480720379
50, -5090.4658257568735, 137.0869480720379
51, -25876.524477089613, 137.0869480720379
52, 0.0, 137.0869480720379
53, -190465.48855049768, 137.0869480720379
54, -49836.79189109453, 137.0869480720379
55, -379.4147702773738, 137.0869480720379
56, -428583.26842338406, 137.0869480720379
57, -33501.57882554189, 137.0869480720379
58, -356621.23102651496, 137.0869480720379
59, 0.0, 137.0869480720379
60, -52684.75245278297, 137.0869480720379
61, -349743.4298974814, 137.0869480720379
62, 0.0, 137.0869480720379
63, -366969.4572807838, 137.0869480720379
64, -183757.71124219528, 137.0869480720379
65, 0.0, 137.0869480720379
66, -106084.01149303827, 137.0869480720379
67, -276110.3663174412, 137.0869480720379
68, -458017.9144558521, 137.0869480720379
69, 58.113816500300615, 137.0869480720379
70, -270520.6438216725, 137.0869480720379
71, -24139.570506919634, 137.0869480720379
72, 137.72948236517115, 137.0869480720379
73, -446572.9579889971, 137.72948236517115
74, 0.0, 137.72948236517115
75, 0.0, 137.72948236517115
76, -288751.9086065007, 137.72948236517115
77, -354123.18821180845, 137.72948236517115
78, -276110.3663174412, 137.72948236517115
79, -920.2745129677294, 137.72948236517115
80, -280750.6671560585, 137.72948236517115
81, 0.0, 137.72948236517115
82, -47229.15526139198, 137.72948236517115
83, -49241.246787883276, 137.72948236517115
84, -361663.39952359686, 137.72948236517115
85, -347165.2700238895, 137.72948236517115
86, -360903.19267171394, 137.72948236517115
87, 0.0, 137.72948236517115
88, 0.0, 137.72948236517115
89, -190488.9529458767, 137.72948236517115
90, 0.0, 137.72948236517115
91, 0.0, 137.72948236517115
92, 0.0, 137.72948236517115
93, 0.0, 137.72948236517115
94, -2288.071301021914, 137.72948236517115
95, -322490.0155322818, 137.72948236517115
96, -235832.46437192094, 137.72948236517115
97, -339086.50774922984, 137.72948236517115
98, -218565.21524861254, 137.72948236517115
99, -180465.079804295, 137.72948236517115
100, -285358.6855911823, 137.72948236517115
101, -155945.55015679877, 137.72948236517115
102, -107358.30930302672, 137.72948236517115
103, -352612.21646016836, 137.72948236517115
104, -23794.11514509675, 137.72948236517115
105, -26.688037266424217, 137.72948236517115
106, 0.0, 137.72948236517115
107, -86004.48112746731, 137.72948236517115
108, -361153.78322963475, 137.72948236517115
109, -1468.6131391240306, 137.72948236517115
110, -334852.0317542206, 137.72948236517115
111, -372740.7406535782, 137.72948236517115
112, -77452.98914393959, 137.72948236517115
113, -282184.066282713, 137.72948236517115
114, 0.0, 137.72948236517115
115, 0.0, 137.72948236517115
116, -356536.0551802569, 137.72948236517115
117, 0.0, 137.72948236517115
118, -2289.7707727832785, 137.72948236517115
119, -70290.69974674557, 137.72948236517115
120, 0.0, 137.72948236517115
121, -936.4070977323511, 137.72948236517115
122, -246100.8422685446, 137.72948236517115
123, -345669.13617802627, 137.72948236517115
124, -442417.1162078895, 137.72948236517115
125, -348400.42516052147, 137.72948236517115
126, -76111.58690996916, 137.72948236517115
127, 0.0, 137.72948236517115
128, -273537.5277801359, 137.72948236517115
129, -324426.5631888142, 137.72948236517115
130, -451759.01249901915, 137.72948236517115
131, 133.54937184076954, 137.72948236517115
132, 0.0, 137.72948236517115
133, -397.13355118718425, 137.72948236517115
134, -211252.41587276233, 137.72948236517115
135, -176835.05604237117, 137.72948236517115
136, -388740.65149158856, 137.72948236517115
137, -264.1389454621255, 137.72948236517115
138, -395091.47104581684, 137.72948236517115
139, -445780.5486177989, 137.72948236517115
140, -347455.736599104, 137.72948236517115
141, -323664.61662372353, 137.72948236517115
142, 0.0, 137.72948236517115
143, -448070.77836416656, 137.72948236517115
144, -322301.5004917262, 137.72948236517115
145, -359469.6809694589, 137.72948236517115
146, -440815.0278874285, 137.72948236517115
147, -330507.6136021179, 137.72948236517115
148, -10228.98838468553, 137.72948236517115
149, -441867.3129833881, 137.72948236517115
150, -338852.67825785035, 137.72948236517115
151, 134.20962990232456, 137.72948236517115
152, 0.0, 137.72948236517115
153, -468953.22994363925, 137.72948236517115
154, -32.91949837524548, 137.72948236517115
155, -450091.3951075581, 137.72948236517115
156, -432178.77528636064, 137.72948236517115
157, 134.90069937182574, 137.72948236517115
158, -274066.48657812836, 137.72948236517115
159, -356295.64825097955, 137.72948236517115
160, -17193.523387799138, 137.72948236517115
161, -354641.68890463875, 137.72948236517115
162, -432089.2721473783, 137.72948236517115
163, 0.0, 137.72948236517115
164, -2195.6049169959306, 137.72948236517115
165, 66.69899238928343, 137.72948236517115
166, -237440.34758981405, 137.72948236517115
1, 0.0, -inf
2, -176672.87970258173, 0.0
3, -282885.56236409186, 0.0
4, 0.0, 0.0
5, -5048.472118628921, 0.0
6, -105147.65166438003, 0.0
7, -355481.38031926326, 0.0
8, -268360.4542279525, 0.0
9, -227210.8145094404, 0.0
10, -432060.1142796255, 0.0
11, -264458.6763202107, 0.0
12, 0.0, 0.0
13, 5.901714372947138, 0.0
14, -215070.74382908503, 5.901714372947138
15, -360124.8450145222, 5.901714372947138
16, 0.0, 5.901714372947138
17, 0.0, 5.901714372947138
18, -259488.52892476064, 5.901714372947138
19, -271983.4923338377, 5.901714372947138
20, 0.0, 5.901714372947138
21, -155.2912904149072, 5.901714372947138
22, -345664.3786692769, 5.901714372947138
23, 0.0, 5.901714372947138
24, -466762.57644203235, 5.901714372947138
25, 0.0, 5.901714372947138
26, 0.0, 5.901714372947138
27, -75643.53393317656, 5.901714372947138
28, -129018.87989086952, 5.901714372947138
29, -409019.4540603744, 5.901714372947138
30, -206504.23865160183, 5.901714372947138
31, -273927.7843382681, 5.901714372947138
32, -353148.89758114517, 5.901714372947138
33, -189.34540670030736, 5.901714372947138
34, -998.2341115288411, 5.901714372947138
35, -347253.4579667435, 5.901714372947138
36, -239533.09747000126, 5.901714372947138
37, -447383.59195614693, 5.901714372947138
38, -51395.17249550193, 5.901714372947138
39, -349743.42989748146, 5.901714372947138
40, -265671.8926048176, 5.901714372947138
41, -429271.7075356286, 5.901714372947138
42, -468967.9876087103, 5.901714372947138
43, 0.0, 5.901714372947138
44, -457214.920145047, 5.901714372947138
45, -128880.82649239895, 5.901714372947138
46, 0.0, 5.901714372947138
47, -1031.260501063815, 5.901714372947138
48, -460.88397060266635, 5.901714372947138
49, -159.8287736497073, 5.901714372947138
50, 137.01461796845652, 5.901714372947138
51, -220197.39253452752, 137.01461796845652
52, -7322.5094899462965, 137.01461796845652
53, 0.0, 137.01461796845652
54, -458115.98735630646, 137.01461796845652
55, 133.33302256361287, 137.01461796845652
56, -8795.619677434259, 137.01461796845652
57, -21438.058157596468, 137.01461796845652
58, -173133.78264477203, 137.01461796845652
59, -76150.7131239265, 137.01461796845652
60, -316634.41119094944, 137.01461796845652
61, 37.88562570423627, 137.01461796845652
62, -118321.39722854635, 137.01461796845652
63, -325314.97613307275, 137.01461796845652
64, 0.0, 137.01461796845652
65, -351899.136185893, 137.01461796845652
66, -9609.915886322604, 137.01461796845652
67, -358055.9877088837, 137.01461796845652
68, -65476.47895604575, 137.01461796845652
69, -648.5571202195919, 137.01461796845652
70, -215934.2347040372, 137.01461796845652
71, -426849.3114204366, 137.01461796845652
72, 0.0, 137.01461796845652
73, 0.0, 137.01461796845652
74, -594.1562382662014, 137.01461796845652
75, -348790.3761267497, 137.01461796845652
76, -306229.00545890996, 137.01461796845652
77, -416819.6668492077, 137.01461796845652
78, -9.280799851164113, 137.01461796845652
79, -1614.321622716503, 137.01461796845652
80, -259113.06982906844, 137.01461796845652
81, -289.73694692542443, 137.01461796845652
82, -456426.1964832749, 137.01461796845652
83, 0.0, 137.01461796845652
84, -62230.64939963575, 137.01461796845652
85, -279939.0998258848, 137.01461796845652
86, 0.0, 137.01461796845652
87, -451857.48553406436, 137.01461796845652
88, -360793.8703769377, 137.01461796845652
89, 0.0, 137.01461796845652
90, 0.0, 137.01461796845652
91, -358025.8078118347, 137.01461796845652
92, -272434.4966741721, 137.01461796845652
93, 0.0, 137.01461796845652
94, -349743.4298974816, 137.01461796845652
95, 0.0, 137.01461796845652
96, -280135.2731071744, 137.01461796845652
97, -20995.86747691605, 137.01461796845652
98, -27915.014855842757, 137.01461796845652
99, 137.42587359681016, 137.01461796845652
100, -1014.7301729518465, 137.42587359681016
101, -460413.37595008244, 137.42587359681016
102, -368509.6216836199, 137.42587359681016
103, -9586.91289851849, 137.42587359681016
104, -349380.3083094622, 137.42587359681016
105, -335131.0917274802, 137.42587359681016
106, -1105.717566820685, 137.42587359681016
107, 0.0, 137.42587359681016
108, -399872.6646051303, 137.42587359681016
109, -524.679754908285, 137.42587359681016
110, -474489.3056012924, 137.42587359681016
111, 0.0, 137.42587359681016
112, -17266.979614655054, 137.42587359681016
113, -49067.40202279453, 137.42587359681016
114, 133.54937184076934, 137.42587359681016
115, -235942.95405100618, 137.42587359681016
116, 0.0, 137.42587359681016
117, -347098.9090477821, 137.42587359681016
118, -362337.48213794274, 137.42587359681016
119, 0.0, 137.42587359681016
120, -457736.889827234, 137.42587359681016
121, 0.0, 137.42587359681016
122, 35.560247988369525, 137.42587359681016
123, -351545.2750538193, 137.42587359681016
124, -330015.2571517193, 137.42587359681016
125, -341676.7286211692, 137.42587359681016
126, -430462.49211815646, 137.42587359681016
127, -2365.25847002256, 137.42587359681016
128, -393791.31437218667, 137.42587359681016
129, -263281.21461443836, 137.42587359681016
130, -339234.88161771157, 137.42587359681016
131, -454855.0223844157, 137.42587359681016
132, -128708.7709175926, 137.42587359681016
133, -435609.8580756424, 137.42587359681016
134, -360904.7002483139, 137.42587359681016
135, 0.0, 137.42587359681016
136, -170966.5786577551, 137.42587359681016
137, -4345.869330485702, 137.42587359681016
138, -47976.82755474197, 137.42587359681016
139, -447142.9250110012, 137.42587359681016
140, 0.0, 137.42587359681016
141, -432873.0399430946, 137.42587359681016
142, -341441.3311453919, 137.42587359681016
143, 136.83350563059156, 137.42587359681016
144, -276110.3663174411, 137.42587359681016
145, -314473.90163652867, 137.42587359681016
146, 137.98673677094766, 137.42587359681016
147, -343671.5153966061, 137.98673677094766
148, -129319.27571446789, 137.98673677094766
149, 0.0, 137.98673677094766
150, -361904.318812564, 137.98673677094766
151, -268347.03833182255, 137.98673677094766
152, 0.0, 137.98673677094766
153, -226.16607330852915, 137.98673677094766
154, 0.0, 137.98673677094766
155, -109773.05931424367, 137.98673677094766
156, 134.90257917322083, 137.98673677094766
157, -338333.75090992794, 137.98673677094766
158, 0.0, 137.98673677094766
159, -356518.87656579644, 137.98673677094766
160, -592.1633090066874, 137.98673677094766
161, -52076.86906265225, 137.98673677094766
162, -458.13303034084214, 137.98673677094766
163, -444398.84065587586, 137.98673677094766
164, -201884.24728883832, 137.98673677094766
165, -354211.5195165026, 137.98673677094766
166, -409448.3773585971, 137.98673677094766
167, -69151.10625203005, 137.98673677094766
168, 0.0, 137.98673677094766
169, 0.0, 137.98673677094766
170, -14.240373679177962, 137.98673677094766
171, -326176.88649352774, 137.98673677094766
172, -346077.20378743287, 137.98673677094766
173, -343738.45364923665, 137.98673677094766
174, 0.0, 137.98673677094766
175, 0.0, 137.98673677094766
176, -325.9641007465315, 137.98673677094766
177, 0.0, 137.98673677094766
178, 0.0, 137.98673677094766
179, 0.0, 137.98673677094766
180, 0.0, 137.98673677094766
181, 0.0, 137.98673677094766
182, -70742.29922836216, 137.98673677094766
183, -234124.6188081522, 137.98673677094766
184, -281178.997342307, 137.98673677094766
185, -57320.302709873635, 137.98673677094766
186, 0.0, 137.98673677094766
187, 134.27571241798307, 137.98673677094766
188, -147617.97589819584, 137.98673677094766
189, -78521.47951538763, 137.98673677094766
190, 0.0, 137.98673677094766
191, 0.0, 137.98673677094766
192, -55.64383858325305, 137.98673677094766
193, -282.2516941652013, 137.98673677094766
194, -449410.8138782504, 137.98673677094766
195, -455808.6866101993, 137.98673677094766
196, -184928.18530571976, 137.98673677094766
197, -331751.9270133302, 137.98673677094766
198, -163413.10075983056, 137.98673677094766
199, -356321.9668178387, 137.98673677094766
200, -291953.2565593638, 137.98673677094766
201, -274072.1896989385, 137.98673677094766
202, -1101.5004879190426, 137.98673677094766
203, -109074.84589713937, 137.98673677094766
204, -441665.0636530942, 137.98673677094766
205, 0.0, 137.98673677094766
206, -281418.1304191529, 137.98673677094766
207, -450011.52255364077, 137.98673677094766
208, -212334.4850041187, 137.98673677094766
209, -403407.19701487804, 137.98673677094766
210, -20351.42146369417, 137.98673677094766
211, -286754.5113340629, 137.98673677094766
212, -430599.3411822977, 137.98673677094766
213, -88.11113428353592, 137.98673677094766
214, 0.0, 137.98673677094766
215, -268369.4435951407, 137.98673677094766
216, 0.0, 137.98673677094766
217, -452678.6614929897, 137.98673677094766
218, -338214.5761737714, 137.98673677094766
219, 0.0, 137.98673677094766
220, -233692.61660847173, 137.98673677094766
221, -336047.1084767012, 137.98673677094766
222, -343085.398782821, 137.98673677094766
223, -456210.22292688035, 137.98673677094766
224, -358050.05224323616, 137.98673677094766
225, -199887.9708708713, 137.98673677094766
226, 134.80216560417034, 137.98673677094766
227, 0.0, 137.98673677094766
228, -213753.72467519753, 137.98673677094766
229, 2.3380416877678485, 137.98673677094766
230, -11598.793832936437, 137.98673677094766
231, 0.0, 137.98673677094766
232, 0.0, 137.98673677094766
233, -352088.8352916787, 137.98673677094766
234, -14.294312912268753, 137.98673677094766
235, 0.0, 137.98673677094766
236, 0.0, 137.98673677094766
237, -268460.3468514808, 137.98673677094766
238, -452625.48483987106, 137.98673677094766
239, -435673.3541464569, 137.98673677094766
240, -214087.66867599418, 137.98673677094766
241, 0.0, 137.98673677094766
242, 134.29529354520307, 137.98673677094766
243, -449363.7135037957, 137.98673677094766
244, 0.0, 137.98673677094766
245, -687.8377176332016, 137.98673677094766
246, -181.8480591952258, 137.98673677094766
247, -425286.65923777106, 137.98673677094766
248, 0.0, 137.98673677094766
249, -325403.7050486984, 137.98673677094766
250, -1001.7484875276034, 137.98673677094766
251, -268918.8277527711, 137.98673677094766
252, -338717.8482807702, 137.98673677094766
253, -353473.87855736556, 137.98673677094766
254, -183.69882651903197, 137.98673677094766
255, -1040.5528982561978, 137.98673677094766
256, 0.0, 137.98673677094766
257, 0.0, 137.98673677094766
258, -114443.34260224938, 137.98673677094766
259, -307205.3432553682, 137.98673677094766
260, -390667.6900750561, 137.98673677094766
261, -351569.55258001795, 137.98673677094766
262, -232597.24532353686, 137.98673677094766
263, 0.0, 137.98673677094766
264, -31429.356269711076, 137.98673677094766
265, 0.0, 137.98673677094766
266, -193152.9078688289, 137.98673677094766
267, -336769.7442987709, 137.98673677094766
268, -345596.0735371582, 137.98673677094766
269, 0.0, 137.98673677094766
270, -190105.42653597696, 137.98673677094766
271, 0.0, 137.98673677094766
272, 134.80216560417028, 137.98673677094766
273, -460450.37572223274, 137.98673677094766
274, 0.0, 137.98673677094766
275, 0.0, 137.98673677094766
276, -452679.43592393916, 137.98673677094766
277, -272108.4859079443, 137.98673677094766
278, -9.691053632988778, 137.98673677094766
279, -49130.81281767742, 137.98673677094766
280, 0.0, 137.98673677094766
281, -4004.0296224010945, 137.98673677094766
282, -420858.992250521, 137.98673677094766
283, -347445.1937923004, 137.98673677094766
284, -24564.033120129854, 137.98673677094766
285, 0.0, 137.98673677094766
286, -280222.7925476608, 137.98673677094766
287, -265676.75382761296, 137.98673677094766
288, -409884.06112159195, 137.98673677094766
289, -21102.68176720757, 137.98673677094766
290, 134.3972560082068, 137.98673677094766
291, -490.97910427003353, 137.98673677094766
292, -941.5667759530489, 137.98673677094766
293, -32.0881922240056, 137.98673677094766
294, -268154.5129680076, 137.98673677094766
295, -471856.73558390356, 137.98673677094766
296, 0.0, 137.98673677094766
297, -139882.05392144417, 137.98673677094766
298, -91.58079065350144, 137.98673677094766
299, 0.0, 137.98673677094766
300, -365163.3810356032, 137.98673677094766
301, 137.72948236517078, 137.98673677094766
302, 0.0, 137.98673677094766
303, -445145.0595929057, 137.98673677094766
304, -190401.26067406504, 137.98673677094766
305, -60085.80785309458, 137.98673677094766
306, 0.0, 137.98673677094766
307, 0.0, 137.98673677094766
308, -108802.1938166754, 137.98673677094766
309, 6.06895863340026, 137.98673677094766
310, 134.3323917477086, 137.98673677094766
311, 133.0358060504626, 137.98673677094766
312, 132.87827170718094, 137.98673677094766
313, 0.0, 137.98673677094766
314, 0.0, 137.98673677094766
315, -951.2125919060036, 137.98673677094766
316, -107000.37614465403, 137.98673677094766
317, -183813.78339325223, 137.98673677094766
318, -347232.5610260046, 137.98673677094766
319, 0.0, 137.98673677094766
320, 0.0, 137.98673677094766
321, -453354.1439363725, 137.98673677094766
322, -238156.05054460414, 137.98673677094766
323, -144411.61861032943, 137.98673677094766
324, 0.0, 137.98673677094766
325, -331859.92802130256, 137.98673677094766
326, -349337.2139352456, 137.98673677094766
327, -212806.3549414609, 137.98673677094766
328, 0.0, 137.98673677094766
329, 0.0, 137.98673677094766
330, -40.07545364490519, 137.98673677094766
331, -350598.2094924676, 137.98673677094766
332, -255096.68619869457, 137.98673677094766
333, 0.0, 137.98673677094766
334, -360925.33245420904, 137.98673677094766
335, -82.96615374737635, 137.98673677094766
336, -75795.08411477617, 137.98673677094766
337, 0.0, 137.98673677094766
338, 0.0, 137.98673677094766
339, -323188.8461199264, 137.98673677094766
340, -360565.0986736096, 137.98673677094766
341, 0.0, 137.98673677094766
342, 133.34692369711075, 137.98673677094766
343, -108.53254084454404, 137.98673677094766
344, -297837.0526992616, 137.98673677094766
345, -293.50727983990583, 137.98673677094766
346, -452614.93454727536, 137.98673677094766
347, -858.8224177154865, 137.98673677094766
348, -226575.7409780299, 137.98673677094766
349, -20861.043141001916, 137.98673677094766
350, -349685.32293640764, 137.98673677094766
351, 45.492883346266886, 137.98673677094766
352, -353216.0129407282, 137.98673677094766
353, -388854.4037763134, 137.98673677094766
354, 0.0, 137.98673677094766
355, 0.0, 137.98673677094766
356, -456.8409127209114, 137.98673677094766
357, -356182.8832866354, 137.98673677094766
358, 0.0, 137.98673677094766
359, -349471.2859720927, 137.98673677094766
360, -329964.29863953975, 137.98673677094766
361, 0.0, 137.98673677094766
362, -2844.27082113525, 137.98673677094766
363, -78108.57060990306, 137.98673677094766
364, -363168.9164604808, 137.98673677094766
365, -351402.5497503849, 137.98673677094766
366, -329181.4129432421, 137.98673677094766
367, 134.80216560417028, 137.98673677094766
368, 18.96763544882745, 137.98673677094766
369, -258378.59374474926, 137.98673677094766
370, -53518.853713093325, 137.98673677094766
371, -354254.50573195686, 137.98673677094766
372, -436935.951706853, 137.98673677094766
373, 0.0, 137.98673677094766
374, -20428.736694565792, 137.98673677094766
375, 137.98673677094786, 137.98673677094766
376, -215666.81152407432, 137.98673677094786
377, 0.0, 137.98673677094786
378, -341962.0060050793, 137.98673677094786
379, -350366.41965109855, 137.98673677094786
380, -272219.3436013033, 137.98673677094786
381, -351101.20349678997, 137.98673677094786
382, -368431.67848070693, 137.98673677094786
383, -469536.57893902296, 137.98673677094786
384, -349743.42989748134, 137.98673677094786
385, -41.19706480279239, 137.98673677094786
386, -330365.04147198104, 137.98673677094786
387, 134.28745794049465, 137.98673677094786
388, -257103.80603426637, 137.98673677094786
389, 14.711503228995133, 137.98673677094786
390, 137.9867367709477, 137.98673677094786
391, -61181.21416638979, 137.98673677094786
392, 34.88481757531487, 137.98673677094786
393, -276110.3663174412, 137.98673677094786
394, 0.0, 137.98673677094786
395, 0.0, 137.98673677094786
396, 0.0, 137.98673677094786
397, 134.8021656041702, 137.98673677094786
398, -461259.70717598597, 137.98673677094786
399, -103140.64932125618, 137.98673677094786
400, 0.0, 137.98673677094786
401, -348271.14079679415, 137.98673677094786
402, -353367.8660287082, 137.98673677094786
403, -428970.18548035575, 137.98673677094786
404, -357839.91235995945, 137.98673677094786
405, 0.0, 137.98673677094786
406, -545.0282510865478, 137.98673677094786
407, -339520.2063437578, 137.98673677094786
408, -438993.65141355887, 137.98673677094786
409, -432100.6640953667, 137.98673677094786
410, -362544.9240848149, 137.98673677094786
411, -106142.7116514152, 137.98673677094786
412, -42.46998164563727, 137.98673677094786
413, -4452.297902040841, 137.98673677094786
414, -353489.5109111997, 137.98673677094786
415, -117268.17786113324, 137.98673677094786
416, -239386.0758894371, 137.98673677094786
417, -176005.74328314816, 137.98673677094786
418, -358179.5115537704, 137.98673677094786
419, -22594.714772790765, 137.98673677094786
420, -274028.96067871084, 137.98673677094786
421, 0.0, 137.98673677094786
422, 133.3469236971109, 137.98673677094786
423, 0.0, 137.98673677094786
424, -364.09970054568356, 137.98673677094786
425, -45651.08744158961, 137.98673677094786
426, 134.80216560417023, 137.98673677094786
427, -268116.142465567, 137.98673677094786
428, -209976.11264938654, 137.98673677094786
429, -362565.8191869259, 137.98673677094786
430, -58609.03618024772, 137.98673677094786
431, 0.0, 137.98673677094786
432, 0.0, 137.98673677094786
433, 0.0, 137.98673677094786
434, 0.0, 137.98673677094786
435, -446035.87818281166, 137.98673677094786
436, 0.0, 137.98673677094786
437, 0.0, 137.98673677094786
438, -213061.89794780774, 137.98673677094786
439, -1026.7583908436145, 137.98673677094786
440, 0.0, 137.98673677094786
441, -115672.6226406796, 137.98673677094786
442, 25.316323288848707, 137.98673677094786
443, -468079.760955748, 137.98673677094786
444, 0.0, 137.98673677094786
445, 0.0, 137.98673677094786
446, 0.0, 137.98673677094786
447, 0.0, 137.98673677094786
448, 0.0, 137.98673677094786
449, -351653.5720259309, 137.98673677094786
450, -40.49956987284474, 137.98673677094786
451, -48870.27268728085, 137.98673677094786
452, -363551.82773179933, 137.98673677094786
453, 134.8021656041702, 137.98673677094786
454, 0.0, 137.98673677094786
455, -347015.9598859337, 137.98673677094786
456, 0.0, 137.98673677094786
457, -220064.06941378547, 137.98673677094786
458, -239020.18518269234, 137.98673677094786
459, -361879.098398748, 137.98673677094786
460, -6875.4872806270705, 137.98673677094786
461, 0.0, 137.98673677094786
462, -345663.09676838893, 137.98673677094786
463, -268295.737855372, 137.98673677094786
464, 133.7997293143188, 137.98673677094786
465, 0.0, 137.98673677094786
466, -35209.924375117975, 137.98673677094786
467, -446041.91571025964, 137.98673677094786
468, 134.80216560417034, 137.98673677094786
469, -171.0925610933383, 137.98673677094786
470, -159093.71075134905, 137.98673677094786
471, -105050.77997247023, 137.98673677094786
472, -322114.3707025261, 137.98673677094786
473, 0.0, 137.98673677094786
474, -348400.2677277072, 137.98673677094786
475, -442032.7379148418, 137.98673677094786
476, 0.0, 137.98673677094786
477, -135.53342323617247, 137.98673677094786
478, -355717.5593887619, 137.98673677094786
479, -251055.62502128416, 137.98673677094786
480, -107746.42702052795, 137.98673677094786
481, -456002.19966139493, 137.98673677094786
482, -358.006237100111, 137.98673677094786
483, 0.0, 137.98673677094786
484, -356615.4463622787, 137.98673677094786
485, 130.29976721675303, 137.98673677094786
486, 0.0, 137.98673677094786
487, 45.42222689323734, 137.98673677094786
488, -81.34851157971974, 137.98673677094786
489, 0.0, 137.98673677094786
490, -420623.2373715111, 137.98673677094786
491, 0.0, 137.98673677094786
492, -290786.6119583525, 137.98673677094786
493, -438786.21326340706, 137.98673677094786
494, -8638.513749007474, 137.98673677094786
495, 0.0, 137.98673677094786
496, -352630.78761695727, 137.98673677094786
497, -350974.18009579036, 137.98673677094786
498, -220103.40656864143, 137.98673677094786
499, -275335.3994200334, 137.98673677094786
500, 134.80216560417023, 137.98673677094786
