1, -817.5374487202007, -inf
2, 0.0, -817.5374487202007
3, -309199.83205166383, 0.0
4, 0.0, 0.0
5, 0.0, 0.0
6, -1473.3157812709287, 0.0
7, -445848.49189419433, 0.0
8, -30898.7444525602, 0.0
9, 54.548564929286286, 0.0
10, 0.0, 54.548564929286286
11, -449339.0784065861, 54.548564929286286
12, -7833.735919001165, 54.548564929286286
13, 0.0, 54.548564929286286
14, -4207.088092665052, 54.548564929286286
15, 0.0, 54.548564929286286
16, 133.29916790181966, 54.548564929286286
17, -448128.8967162471, 133.29916790181966
18, -58768.65778694119, 133.29916790181966
19, 0.0, 133.29916790181966
20, -343021.69807406055, 133.29916790181966
21, -412201.61040995864, 133.29916790181966
22, 0.0, 133.29916790181966
23, 134.33061952441057, 133.29916790181966
24, -248948.4946028721, 134.33061952441057
25, -86490.35462944274, 134.33061952441057
26, -299.0240869097166, 134.33061952441057
27, -4432.090711345644, 134.33061952441057
28, 0.0, 134.33061952441057
29, -330091.9276144558, 134.33061952441057
30, -339136.70161402284, 134.33061952441057
31, -273860.7425953376, 134.33061952441057
32, -5177.241441263666, 134.33061952441057
33, -4211.244067319011, 134.33061952441057
34, 0.0, 134.33061952441057
35, 134.00061913055083, 134.33061952441057
36, 0.0, 134.33061952441057
37, -302.9241282328233, 134.33061952441057
38, -184014.5681117625, 134.33061952441057
39, 262.907243485716, 134.33061952441057
40, -446387.77743246214, 262.907243485716
41, -343707.9316255276, 262.907243485716
42, -331761.42466934014, 262.907243485716
43, 10.670907603857227, 262.907243485716
44, -27.53637892017386, 262.907243485716
45, -193538.77460445027, 262.907243485716
46, -339294.5607200563, 262.907243485716
47, 0.0, 262.907243485716
48, -256524.72819804604, 262.907243485716
49, -442627.498848515, 262.907243485716
50, -455999.9159487352, 262.907243485716
51, 134.9048167351267, 262.907243485716
52, 0.0, 262.907243485716
53, 0.0, 262.907243485716
54, -3948.9097786518705, 262.907243485716
55, 0.0, 262.907243485716
56, 0.0, 262.907243485716
57, 0.0, 262.907243485716
58, -347449.0675243562, 262.907243485716
59, 0.0, 262.907243485716
60, -356239.22216844076, 262.907243485716
61, 0.0, 262.907243485716
62, -410057.55483386735, 262.907243485716
63, -331282.95759826817, 262.907243485716
64, -333.9217842073175, 262.907243485716
65, -330382.2957748759, 262.907243485716
66, 0.0, 262.907243485716
67, -457966.10460291966, 262.907243485716
68, 0.0, 262.907243485716
69, -36855.800785768675, 262.907243485716
70, -20438.185453700764, 262.907243485716
71, -37710.31691304018, 262.907243485716
72, 134.8021656041702, 262.907243485716
73, -59.62306037871616, 262.907243485716
74, 0.0, 262.907243485716
75, -93958.27330355176, 262.907243485716
76, -316.6385982297536, 262.907243485716
77, -945.0708818834097, 262.907243485716
78, 0.0, 262.907243485716
79, -343424.00674129935, 262.907243485716
80, -81762.26903353627, 262.907243485716
81, -283489.5572679147, 262.907243485716
82, -299.6989196032712, 262.907243485716
83, -721.7467881253084, 262.907243485716
84, 0.0, 262.907243485716
85, 0.0, 262.907243485716
86, 0.0, 262.907243485716
87, -3975.771763333528, 262.907243485716
88, -6561.239907979761, 262.907243485716
89, -14.084078166425659, 262.907243485716
90, 132.7632375244454, 262.907243485716
91, 133.83474390636576, 262.907243485716
92, 0.0, 262.907243485716
93, 0.0, 262.907243485716
94, -268398.189304229, 262.907243485716
95, -325.8012960213774, 262.907243485716
96, -186900.88642584637, 262.907243485716
97, -50970.1847658238, 262.907243485716
98, -431901.17533522286, 262.907243485716
99, -427929.47723881993, 262.907243485716
100, -44075.59139078211, 262.907243485716
101, -18744.599566952063, 262.907243485716
102, -710.2463793416073, 262.907243485716
103, -456.33583460723025, 262.907243485716
104, -417563.8945162981, 262.907243485716
105, -441858.0355050514, 262.907243485716
106, -437698.6747911705, 262.907243485716
107, -356686.0115195034, 262.907243485716
108, 0.0, 262.907243485716
109, -282.9071722876421, 262.907243485716
110, 0.0, 262.907243485716
111, 0.0, 262.907243485716
112, -36.28984972207428, 262.907243485716
113, -21.782225201506446, 262.907243485716
114, -178595.44604524702, 262.907243485716
115, 0.0, 262.907243485716
116, -16236.184473978543, 262.907243485716
117, 0.0, 262.907243485716
118, -347710.47824411135, 262.907243485716
119, -956.5835581125095, 262.907243485716
120, -104631.8972457028, 262.907243485716
121, 48.25009911486935, 262.907243485716
122, -180201.81700667983, 262.907243485716
123, -354364.8420993266, 262.907243485716
124, -353211.4610063374, 262.907243485716
125, 0.0, 262.907243485716
126, -358048.11649240635, 262.907243485716
127, -284223.9603893723, 262.907243485716
128, 0.0, 262.907243485716
129, -345084.2058856359, 262.907243485716
130, -452626.2521309396, 262.907243485716
131, 0.0, 262.907243485716
132, 0.0, 262.907243485716
133, -360755.20182290266, 262.907243485716
134, 134.9990403378773, 262.907243485716
135, 0.0, 262.907243485716
136, 0.0, 262.907243485716
137, -452826.4704595915, 262.907243485716
138, 0.0, 262.907243485716
139, -345006.2628740443, 262.907243485716
140, 0.0, 262.907243485716
141, -441637.4431126171, 262.907243485716
142, -459976.2757065374, 262.907243485716
143, 0.0, 262.907243485716
144, -452823.38011667517, 262.907243485716
145, -335881.0774502949, 262.907243485716
146, -149.39166767570734, 262.907243485716
147, -446796.0531716919, 262.907243485716
148, -347421.35419154534, 262.907243485716
149, -356206.10864792025, 262.907243485716
150, -450074.49930614216, 262.907243485716
151, -143808.3444821537, 262.907243485716
152, -14.062766707665762, 262.907243485716
153, -61649.48473335517, 262.907243485716
154, 0.0, 262.907243485716
155, -438777.1651977197, 262.907243485716
156, 0.0, 262.907243485716
157, -920.1399773999001, 262.907243485716
158, -12059.287008230698, 262.907243485716
159, 0.0, 262.907243485716
160, -470528.68821961706, 262.907243485716
161, 0.0, 262.907243485716
162, -447455.24237442436, 262.907243485716
163, -480.9466936756049, 262.907243485716
164, -360449.20798607287, 262.907243485716
165, 32.35801098225623, 262.907243485716
166, -389503.08066434273, 262.907243485716
