1, 0.0, 0.0
2, -282316.3431943414, 0.0
3, -20007.99929234309, 0.0
4, 0.0, 0.0
5, -239151.19992630923, 0.0
6, -151469.87489122528, 0.0
7, -305.80188344035446, 0.0
8, 10.18622487110722, 0.0
9, -205497.85152822646, 10.18622487110722
10, 0.0, 10.18622487110722
11, -335296.1106497095, 10.18622487110722
12, 0.0, 10.18622487110722
13, -16660.579004247706, 10.18622487110722
14, -372909.046526314, 10.18622487110722
15, -128358.27527342168, 10.18622487110722
16, -65373.152570503524, 10.18622487110722
17, -11790.222982151325, 10.18622487110722
18, -140.18123358974418, 10.18622487110722
19, 0.0, 10.18622487110722
20, -348040.6730052388, 10.18622487110722
21, -343451.37139770936, 10.18622487110722
22, -348804.4944217799, 10.18622487110722
23, 0.0, 10.18622487110722
24, -202099.0019363115, 10.18622487110722
25, -312481.9050560086, 10.18622487110722
26, 133.0358060504626, 10.18622487110722
27, -213113.33150447707, 133.0358060504626
28, 0.0, 133.0358060504626
29, 0.0, 133.0358060504626
30, -440080.7585654573, 133.0358060504626
31, -411230.06125833374, 133.0358060504626
32, 0.0, 133.0358060504626
33, 133.1679268876717, 133.0358060504626
34, -21832.456270504183, 133.1679268876717
35, 0.0, 133.1679268876717
36, -349452.5520249529, 133.1679268876717
37, -468053.8773772456, 133.1679268876717
38, -41257.94633868776, 133.1679268876717
39, -347371.6714604734, 133.1679268876717
40, -1391.2357422086284, 133.1679268876717
41, -277904.05336467933, 133.1679268876717
42, 0.0, 133.1679268876717
43, 0.0, 133.1679268876717
44, -183798.91888542913, 133.1679268876717
45, -268657.80151434074, 133.1679268876717
46, 0.0, 133.1679268876717
47, -251131.6307415546, 133.1679268876717
48, -124816.1594714656, 133.1679268876717
49, -455530.3064603853, 133.1679268876717
50, -269124.7470368786, 133.1679268876717
51, -454917.86073450337, 133.1679268876717
52, -456822.2035311228, 133.1679268876717
53, -353185.9965663899, 133.1679268876717
54, -464.3409023959217, 133.1679268876717
55, -260351.0196316279, 133.1679268876717
56, -321410.2822768458, 133.1679268876717
57, 133.03580605046278, 133.1679268876717
58, -596.217113370171, 133.1679268876717
59, -330.52151207117174, 133.1679268876717
60, 0.0, 133.1679268876717
61, -347082.572882195, 133.1679268876717
62, -457964.3932103093, 133.1679268876717
63, -360903.1482751044, 133.1679268876717
64, -218015.10181151854, 133.1679268876717
65, -218025.96099065343, 133.1679268876717
66, -411873.9376277616, 133.1679268876717
67, -325843.8748217304, 133.1679268876717
68, -394057.5823943363, 133.1679268876717
69, -271139.3796184328, 133.1679268876717
70, 0.0, 133.1679268876717
71, -452689.13541903265, 133.1679268876717
72, -122392.48359132995, 133.1679268876717
73, -451795.0456550581, 133.1679268876717
74, -195037.08900891338, 133.1679268876717
75, -317253.14782628487, 133.1679268876717
76, -410516.9605330153, 133.1679268876717
77, -222624.8847730647, 133.1679268876717
78, 0.0, 133.1679268876717
79, 134.80216560417037, 133.1679268876717
80, -349044.8541853393, 134.80216560417037
81, 134.8021656041704, 134.80216560417037
82, 134.3282238657436, 134.8021656041704
83, -346053.8382141285, 134.8021656041704
84, -275347.2833383067, 134.8021656041704
85, -352639.3148868291, 134.8021656041704
86, -201.14604106141476, 134.8021656041704
87, -358493.41066088306, 134.8021656041704
88, 0.0, 134.8021656041704
89, 0.0, 134.8021656041704
90, -62958.432038132705, 134.8021656041704
91, -11796.342262267419, 134.8021656041704
92, -306413.19258431206, 134.8021656041704
93, -260518.3063344027, 134.8021656041704
94, -343557.94396099914, 134.8021656041704
95, -268611.14555070753, 134.8021656041704
96, -51920.71650707272, 134.8021656041704
97, 46.3441166895507, 134.8021656041704
98, -342244.50990216574, 134.8021656041704
99, 0.0, 134.8021656041704
100, -107160.9502040098, 134.8021656041704
101, 0.0, 134.8021656041704
102, -180956.65328499005, 134.8021656041704
103, -86.11896749681955, 134.8021656041704
104, -82013.6592924114, 134.8021656041704
105, -353550.3904451777, 134.8021656041704
106, -274073.79939289927, 134.8021656041704
107, -437992.6879373089, 134.8021656041704
108, -156799.80606238666, 134.8021656041704
109, -342338.93553835544, 134.8021656041704
110, -170056.42078546764, 134.8021656041704
111, -318562.636516338, 134.8021656041704
112, -216605.5250358426, 134.8021656041704
113, 0.0, 134.8021656041704
114, 6.6505001914579935, 134.8021656041704
115, -235027.8807681476, 134.8021656041704
116, -273539.85488948284, 134.8021656041704
117, -204468.61225728685, 134.8021656041704
118, -180977.4569142095, 134.8021656041704
119, 134.35562616881612, 134.8021656041704
120, -18698.52886271281, 134.8021656041704
121, -268787.69334357814, 134.8021656041704
122, -245011.39572690387, 134.8021656041704
123, -458817.8878490962, 134.8021656041704
124, -617.8280696243571, 134.8021656041704
125, -198195.49510144372, 134.8021656041704
126, 0.0, 134.8021656041704
127, 0.0, 134.8021656041704
128, 0.0, 134.8021656041704
129, 0.0, 134.8021656041704
130, -74032.19490121513, 134.8021656041704
131, -64.39314187774859, 134.8021656041704
132, -1449.3691586840946, 134.8021656041704
133, -318942.3815000609, 134.8021656041704
134, -469560.17837527813, 134.8021656041704
135, 0.0, 134.8021656041704
136, 0.0, 134.8021656041704
137, -17448.801991618, 134.8021656041704
138, -6604.347398162971, 134.8021656041704
139, -46368.785404277354, 134.8021656041704
140, -361029.24328098143, 134.8021656041704
141, -355465.8836761919, 134.8021656041704
142, -0.16374949565982178, 134.8021656041704
143, -35.695016341548055, 134.8021656041704
144, -2271.9380478694325, 134.8021656041704
145, -193280.27365525806, 134.8021656041704
146, 54.56466404075793, 134.8021656041704
147, -452134.39774902514, 134.8021656041704
148, -228976.66854949587, 134.8021656041704
149, 0.0, 134.8021656041704
150, 0.0, 134.8021656041704
151, -8991.622340187332, 134.8021656041704
152, -5066.228145265022, 134.8021656041704
153, -349678.7874692621, 134.8021656041704
154, -221747.68050723075, 134.8021656041704
155, -266992.50849329063, 134.8021656041704
156, 0.0, 134.8021656041704
157, 0.0, 134.8021656041704
158, 0.0, 134.8021656041704
159, -18.00988907728653, 134.8021656041704
160, 0.0, 134.8021656041704
161, -202.27654159323646, 134.8021656041704
162, -360088.02425049816, 134.8021656041704
163, -269214.6027164399, 134.8021656041704
164, 0.0, 134.8021656041704
165, -270248.1904778215, 134.8021656041704
166, -455732.67334341485, 134.8021656041704
1, -437133.98388739314, -inf
2, -317361.3138147357, -437133.98388739314
3, -349743.4298974813, -317361.3138147357
4, -440992.40051202744, -317361.3138147357
5, -9.280799851164115, -317361.3138147357
6, 0.0, -9.280799851164115
7, -457379.1109069796, 0.0
8, 134.28635226101335, 0.0
9, 0.0, 134.28635226101335
10, -87384.94121207944, 134.28635226101335
11, 0.0, 134.28635226101335
12, -45054.25330844372, 134.28635226101335
13, 0.0, 134.28635226101335
14, -356519.36405395664, 134.28635226101335
15, 0.0, 134.28635226101335
16, -317248.4976196936, 134.28635226101335
17, -351797.59839595156, 134.28635226101335
18, -378.1343351666183, 134.28635226101335
19, 0.0, 134.28635226101335
20, 0.0, 134.28635226101335
21, 0.0, 134.28635226101335
22, 0.0, 134.28635226101335
23, 0.0, 134.28635226101335
24, -316413.5097016782, 134.28635226101335
25, 0.0, 134.28635226101335
26, 0.0, 134.28635226101335
27, -125931.1259032237, 134.28635226101335
28, -274063.1507730567, 134.28635226101335
29, 0.0, 134.28635226101335
30, 0.0, 134.28635226101335
31, 133.26138685374798, 134.28635226101335
32, -450464.67567171634, 134.28635226101335
33, 0.0, 134.28635226101335
34, -1599.9181407200986, 134.28635226101335
35, 134.2983087772419, 134.28635226101335
36, -440059.2699531414, 134.2983087772419
37, -967.5577847823537, 134.2983087772419
38, 106.52521585835558, 134.2983087772419
39, -562.3354044453158, 134.2983087772419
40, 137.45842832946732, 134.2983087772419
41, -273321.13901073515, 137.45842832946732
42, -115288.0263077105, 137.45842832946732
43, 0.0, 137.45842832946732
44, 0.0, 137.45842832946732
45, 0.0, 137.45842832946732
46, -19521.51065368681, 137.45842832946732
47, 0.0, 137.45842832946732
48, -356516.5576813199, 137.45842832946732
49, -71930.64331776087, 137.45842832946732
50, -348463.48567249975, 137.45842832946732
51, 0.0, 137.45842832946732
52, 0.0, 137.45842832946732
53, -349388.27863460715, 137.45842832946732
54, -86.11896749681952, 137.45842832946732
55, -465757.376801109, 137.45842832946732
56, -256486.08117308427, 137.45842832946732
57, -266517.3750722779, 137.45842832946732
58, -347434.47265863605, 137.45842832946732
59, -349875.7709147244, 137.45842832946732
60, 0.0, 137.45842832946732
61, -343718.59106123354, 137.45842832946732
62, -21403.37874592613, 137.45842832946732
63, -331363.59924816334, 137.45842832946732
64, 0.0, 137.45842832946732
65, -50361.31158241789, 137.45842832946732
66, -422785.51522085536, 137.45842832946732
67, -347342.8652356826, 137.45842832946732
68, 0.0, 137.45842832946732
69, 0.0, 137.45842832946732
70, 0.0, 137.45842832946732
71, -360852.8867419182, 137.45842832946732
72, 0.0, 137.45842832946732
73, -280448.9880335236, 137.45842832946732
74, -437972.3101981322, 137.45842832946732
75, -202961.01465072884, 137.45842832946732
76, 0.0, 137.45842832946732
77, -42.23360395035445, 137.45842832946732
78, -356609.69348818064, 137.45842832946732
79, -469809.09265155275, 137.45842832946732
80, 0.0, 137.45842832946732
81, -42514.51498515675, 137.45842832946732
82, 0.0, 137.45842832946732
83, 0.0, 137.45842832946732
84, -357909.1051543871, 137.45842832946732
85, 0.0, 137.45842832946732
86, 0.0, 137.45842832946732
87, -340895.745105868, 137.45842832946732
88, 0.0, 137.45842832946732
89, -360043.3193535877, 137.45842832946732
90, -950.3671936501324, 137.45842832946732
91, -349743.4298974812, 137.45842832946732
92, -166.40041079829962, 137.45842832946732
93, -436303.9582087217, 137.45842832946732
94, -335312.5255323625, 137.45842832946732
95, -235264.48215594277, 137.45842832946732
96, -449895.8015084764, 137.45842832946732
97, -340009.40327756084, 137.45842832946732
98, -347910.4240624764, 137.45842832946732
99, -347080.9280218552, 137.45842832946732
100, -352629.93694919854, 137.45842832946732
101, 0.0, 137.45842832946732
102, -224652.96793433526, 137.45842832946732
103, -116074.97304112648, 137.45842832946732
104, -447034.19545160455, 137.45842832946732
105, -265745.3821967808, 137.45842832946732
106, -412666.5525835211, 137.45842832946732
107, -356112.2563545129, 137.45842832946732
108, -305.04779287515385, 137.45842832946732
109, 0.0, 137.45842832946732
110, 0.0, 137.45842832946732
111, -3938.3466166486814, 137.45842832946732
112, 0.0, 137.45842832946732
113, -410849.9700290961, 137.45842832946732
114, 0.0, 137.45842832946732
115, 0.0, 137.45842832946732
116, -259250.62212694978, 137.45842832946732
117, -284197.14745167753, 137.45842832946732
118, 0.0, 137.45842832946732
119, -11097.758951863141, 137.45842832946732
120, 0.0, 137.45842832946732
121, -14.240373679177946, 137.45842832946732
122, 134.28745794049462, 137.45842832946732
123, -438757.3494093572, 137.45842832946732
124, -348691.0584595017, 137.45842832946732
125, 0.0, 137.45842832946732
126, -343752.5041157474, 137.45842832946732
127, -220515.6279860534, 137.45842832946732
128, -332516.3554051904, 137.45842832946732
129, -284458.03287249204, 137.45842832946732
130, 7.467432536322647, 137.45842832946732
131, -332538.3504433732, 137.45842832946732
132, 0.0, 137.45842832946732
133, -455069.979295684, 137.45842832946732
134, -187.36533374106182, 137.45842832946732
135, 0.0, 137.45842832946732
136, -166096.7311735419, 137.45842832946732
137, -356067.7533127027, 137.45842832946732
138, -246365.49655255815, 137.45842832946732
139, 0.0, 137.45842832946732
140, -5009.28759401496, 137.45842832946732
141, -366799.8781879222, 137.45842832946732
142, 0.0, 137.45842832946732
143, -129.51125852244937, 137.45842832946732
144, -238339.23519420793, 137.45842832946732
145, -298.4054096823754, 137.45842832946732
146, 0.0, 137.45842832946732
147, -203221.8734581528, 137.45842832946732
148, -358558.1412755322, 137.45842832946732
149, -966.9196164631966, 137.45842832946732
150, -938.9629735596733, 137.45842832946732
151, -410094.1541245999, 137.45842832946732
152, -109.19094388327193, 137.45842832946732
153, -434975.43629023776, 137.45842832946732
154, 0.0, 137.45842832946732
155, -65602.96870486345, 137.45842832946732
156, -17202.5376671228, 137.45842832946732
157, -334548.3858533057, 137.45842832946732
158, -1480.594115648129, 137.45842832946732
159, 136.83350563059176, 137.45842832946732
160, -263267.4033228894, 137.45842832946732
161, -348797.1376704258, 137.45842832946732
162, -421814.94526511105, 137.45842832946732
163, -360863.12839625357, 137.45842832946732
164, 0.0, 137.45842832946732
165, -238009.48307116725, 137.45842832946732
166, -9998.794171557347, 137.45842832946732
167, -235298.81107933435, 137.45842832946732
168, -11794.405410167863, 137.45842832946732
169, -4039.5502806304307, 137.45842832946732
170, -188733.08262496817, 137.45842832946732
171, 133.92541124892048, 137.45842832946732
172, -451810.69605456886, 137.45842832946732
173, -279226.26804495824, 137.45842832946732
174, -132320.05802959358, 137.45842832946732
175, 0.0, 137.45842832946732
176, -2191.7903251356456, 137.45842832946732
177, 0.0, 137.45842832946732
178, -338352.1036093428, 137.45842832946732
179, -175495.48516775685, 137.45842832946732
180, -7013.805415282968, 137.45842832946732
181, -457364.696948605, 137.45842832946732
182, -449390.6091492437, 137.45842832946732
183, -10614.056723351365, 137.45842832946732
184, -260794.48243390213, 137.45842832946732
185, -369238.0183029412, 137.45842832946732
186, -452097.92539639596, 137.45842832946732
187, -341037.8012150633, 137.45842832946732
188, -156240.24225730408, 137.45842832946732
189, 0.0, 137.45842832946732
190, -347801.27945191995, 137.45842832946732
191, -2327.4143566683897, 137.45842832946732
192, -196542.4404811026, 137.45842832946732
193, -274280.32941008883, 137.45842832946732
194, -344501.03827138443, 137.45842832946732
195, -325067.8039333481, 137.45842832946732
196, -118182.67096016055, 137.45842832946732
197, 0.0, 137.45842832946732
198, 0.0, 137.45842832946732
199, -325812.92907933163, 137.45842832946732
200, -186308.44019845035, 137.45842832946732
201, -318004.4272897601, 137.45842832946732
202, 46.315559418476965, 137.45842832946732
203, -281507.937368332, 137.45842832946732
204, -150.2820022482697, 137.45842832946732
205, -274090.3495282039, 137.45842832946732
206, -302915.7194263225, 137.45842832946732
207, 0.0, 137.45842832946732
208, 0.0, 137.45842832946732
209, -150048.24642368627, 137.45842832946732
210, -220048.84431765688, 137.45842832946732
211, 0.0, 137.45842832946732
212, -2541.29966840477, 137.45842832946732
213, -343714.50361935183, 137.45842832946732
214, 134.80216560417026, 137.45842832946732
215, 0.0, 137.45842832946732
216, 0.0, 137.45842832946732
217, -75625.00713290578, 137.45842832946732
218, 133.43397066955612, 137.45842832946732
219, 0.0, 137.45842832946732
220, -191818.0733876386, 137.45842832946732
221, -53851.39875047488, 137.45842832946732
222, 0.0, 137.45842832946732
223, -348191.4521419022, 137.45842832946732
224, -324934.6310663273, 137.45842832946732
225, -458614.5663611263, 137.45842832946732
226, -370570.4813847367, 137.45842832946732
227, -4371.715667025462, 137.45842832946732
228, -280512.3844368133, 137.45842832946732
229, 0.0, 137.45842832946732
230, -6882.286439517489, 137.45842832946732
231, -128945.8675114621, 137.45842832946732
232, -268665.62166826695, 137.45842832946732
233, -16.17234002841777, 137.45842832946732
234, 136.83350563059167, 137.45842832946732
235, -332723.0783866823, 137.45842832946732
236, -24598.035382186736, 137.45842832946732
237, -201645.0582681833, 137.45842832946732
238, 0.0, 137.45842832946732
239, -284255.09991114563, 137.45842832946732
240, -183.89029451553077, 137.45842832946732
241, 0.0, 137.45842832946732
242, -21229.920706563476, 137.45842832946732
243, 0.0, 137.45842832946732
244, -22933.163881979573, 137.45842832946732
245, -313041.32327177573, 137.45842832946732
246, -274295.27006856917, 137.45842832946732
247, -356635.204797802, 137.45842832946732
248, -43.01296519828311, 137.45842832946732
249, -356521.051119672, 137.45842832946732
250, -59872.675603114374, 137.45842832946732
251, -356621.4881719593, 137.45842832946732
252, -451945.38369881955, 137.45842832946732
253, 0.0, 137.45842832946732
254, -940.1263473439735, 137.45842832946732
255, -344891.0693456965, 137.45842832946732
256, -452040.81559986365, 137.45842832946732
257, -11452.356149606747, 137.45842832946732
258, -120279.76820025666, 137.45842832946732
259, -262758.2420440734, 137.45842832946732
260, -285357.66429208714, 137.45842832946732
261, -335302.0041268239, 137.45842832946732
262, -921.496213240221, 137.45842832946732
263, -12961.378153778118, 137.45842832946732
264, 132.81574897220577, 137.45842832946732
265, 0.0, 137.45842832946732
266, -231771.71792209867, 137.45842832946732
267, -265735.01276343776, 137.45842832946732
268, 0.0, 137.45842832946732
269, -404812.81416836544, 137.45842832946732
270, -40091.534205716656, 137.45842832946732
271, 0.0, 137.45842832946732
272, 0.0, 137.45842832946732
273, -467129.0121864134, 137.45842832946732
274, -532.9235853177455, 137.45842832946732
275, 0.0, 137.45842832946732
276, -358170.37547508354, 137.45842832946732
277, -239027.90319358956, 137.45842832946732
278, -350481.27928285894, 137.45842832946732
279, -90.68726759112455, 137.45842832946732
280, -347765.9963127094, 137.45842832946732
281, -922.785445816651, 137.45842832946732
282, -1451.0495007064258, 137.45842832946732
283, -424891.41649310844, 137.45842832946732
284, -202307.46881155833, 137.45842832946732
285, -387878.6121700319, 137.45842832946732
286, 0.0, 137.45842832946732
287, 0.0, 137.45842832946732
288, -347931.9730111099, 137.45842832946732
289, 0.0, 137.45842832946732
290, 0.0, 137.45842832946732
291, -14601.234981908614, 137.45842832946732
292, -46131.04783953163, 137.45842832946732
293, -217796.7174831665, 137.45842832946732
294, -669.6902477884876, 137.45842832946732
295, -114899.03294382308, 137.45842832946732
296, 0.0, 137.45842832946732
297, -181762.78037206162, 137.45842832946732
298, 0.0, 137.45842832946732
299, -280121.57066303946, 137.45842832946732
300, -225292.97727582743, 137.45842832946732
301, 0.0, 137.45842832946732
302, 137.93142028016786, 137.45842832946732
303, -124739.26340492944, 137.93142028016786
304, -380815.78001029714, 137.93142028016786
305, -326805.59151424305, 137.93142028016786
306, 0.0, 137.93142028016786
307, 0.0, 137.93142028016786
308, 0.0, 137.93142028016786
309, -337659.1576164174, 137.93142028016786
310, -451262.1914450168, 137.93142028016786
311, -43462.60386504, 137.93142028016786
312, -472406.14442375256, 137.93142028016786
313, 0.0, 137.93142028016786
314, -1379.3839053851161, 137.93142028016786
315, -284376.5427206458, 137.93142028016786
316, -141346.3540725363, 137.93142028016786
317, -70177.0029888759, 137.93142028016786
318, -152151.99954153667, 137.93142028016786
319, -248838.95521446917, 137.93142028016786
320, -442187.5071117154, 137.93142028016786
321, -470555.5117198024, 137.93142028016786
322, -86.40698029991478, 137.93142028016786
323, -16338.43475372123, 137.93142028016786
324, -945.3756696340592, 137.93142028016786
325, 0.0, 137.93142028016786
326, -919.0544506327872, 137.93142028016786
327, 0.0, 137.93142028016786
328, -37735.41996652411, 137.93142028016786
329, -349743.42989748134, 137.93142028016786
330, -343704.7875666233, 137.93142028016786
331, 0.0, 137.93142028016786
332, -24.158387265688198, 137.93142028016786
333, 0.0, 137.93142028016786
334, -340756.2404682865, 137.93142028016786
335, 0.0, 137.93142028016786
336, -9433.762444220312, 137.93142028016786
337, -4351.9453419135625, 137.93142028016786
338, -268305.84581580886, 137.93142028016786
339, -335551.2966436262, 137.93142028016786
340, 0.0, 137.93142028016786
341, 137.03400108485192, 137.93142028016786
342, -270471.04522839864, 137.93142028016786
343, -7033.168708229462, 137.93142028016786
344, -37.153154245133884, 137.93142028016786
345, -472853.3509130309, 137.93142028016786
346, -325098.49143233756, 137.93142028016786
347, -362508.8273493194, 137.93142028016786
348, -438137.3772465291, 137.93142028016786
349, -354025.7415629284, 137.93142028016786
350, -341464.79254632024, 137.93142028016786
351, -1104.3060216021272, 137.93142028016786
352, 0.0, 137.93142028016786
353, -422943.8324981236, 137.93142028016786
354, -343765.8363561202, 137.93142028016786
355, -951.3735314576243, 137.93142028016786
356, 31.310573369993165, 137.93142028016786
357, 0.0, 137.93142028016786
358, -24.45901701098786, 137.93142028016786
359, 0.0, 137.93142028016786
360, -21093.602609057976, 137.93142028016786
361, -297.8753974271145, 137.93142028016786
362, 0.0, 137.93142028016786
363, -461128.9524306818, 137.93142028016786
364, -274757.9331702907, 137.93142028016786
365, 10.164122212843795, 137.93142028016786
366, -437429.8264514541, 137.93142028016786
367, -2221.44066915551, 137.93142028016786
368, -264828.29454822873, 137.93142028016786
369, -20397.669652032833, 137.93142028016786
370, -1555.8753174250032, 137.93142028016786
371, -262461.74659637484, 137.93142028016786
372, -351151.6104952401, 137.93142028016786
373, -330275.87975395675, 137.93142028016786
374, -165969.04843885623, 137.93142028016786
375, -451823.40947739524, 137.93142028016786
376, -362383.21084437415, 137.93142028016786
377, 0.0, 137.93142028016786
378, 223.08216228054778, 137.93142028016786
379, -132.36801990210122, 223.08216228054778
380, 0.0, 223.08216228054778
381, -1031.8004308265422, 223.08216228054778
382, -9350.147837360411, 223.08216228054778
383, -331419.85730710335, 223.08216228054778
384, -172201.60877856423, 223.08216228054778
385, -437673.4629427588, 223.08216228054778
386, 0.0, 223.08216228054778
387, -360901.7354557759, 223.08216228054778
388, -347091.8457517607, 223.08216228054778
389, -274042.3916541694, 223.08216228054778
390, 0.0, 223.08216228054778
391, 0.0, 223.08216228054778
392, 0.0, 223.08216228054778
393, 0.0, 223.08216228054778
394, 0.0, 223.08216228054778
395, -341786.8617591879, 223.08216228054778
396, -4744.605140050899, 223.08216228054778
397, -216410.75768152648, 223.08216228054778
398, 0.0, 223.08216228054778
399, 134.80216560417034, 223.08216228054778
400, 224.02292230485165, 223.08216228054778
401, -347097.7342091298, 224.02292230485165
402, -13058.474514517035, 224.02292230485165
403, -456201.50627720857, 224.02292230485165
404, -348786.02348656487, 224.02292230485165
405, -368667.5042222396, 224.02292230485165
406, -14847.956278464773, 224.02292230485165
407, -268374.284564489, 224.02292230485165
408, -325325.79496790504, 224.02292230485165
409, -53.21947628714455, 224.02292230485165
410, -83.84863035947389, 224.02292230485165
411, 0.0, 224.02292230485165
412, -82909.96672510078, 224.02292230485165
413, 0.0, 224.02292230485165
414, -356543.2473798268, 224.02292230485165
415, -272281.37359833054, 224.02292230485165
416, -323893.001088076, 224.02292230485165
417, -954.6770286539424, 224.02292230485165
418, -89248.68240737019, 224.02292230485165
419, -263069.3728128339, 224.02292230485165
420, 133.03580605046275, 224.02292230485165
421, -2415.639980807151, 224.02292230485165
422, -454854.48691641085, 224.02292230485165
423, -352089.08019444323, 224.02292230485165
424, -350605.58213364263, 224.02292230485165
425, -455954.36141751136, 224.02292230485165
426, -465.5450599568855, 224.02292230485165
427, -165850.77120999357, 224.02292230485165
428, -345705.3656083138, 224.02292230485165
429, -0.8612444256074401, 224.02292230485165
430, -217942.30142214152, 224.02292230485165
431, -347691.8866036892, 224.02292230485165
432, -150.9191138512424, 224.02292230485165
433, -351181.8395628275, 224.02292230485165
434, -62843.5818243227, 224.02292230485165
435, 0.0, 224.02292230485165
436, -111.14927052358662, 224.02292230485165
437, -53413.9814708575, 224.02292230485165
438, 0.0, 224.02292230485165
439, 0.0, 224.02292230485165
440, -242299.91551662202, 224.02292230485165
441, -307686.03436564363, 224.02292230485165
442, -187629.23776144683, 224.02292230485165
443, 0.0, 224.02292230485165
444, -123356.98610706563, 224.02292230485165
445, -433496.6361394011, 224.02292230485165
446, 0.0, 224.02292230485165
447, -153775.12872391488, 224.02292230485165
448, -45478.93692905479, 224.02292230485165
449, -330403.83584735077, 224.02292230485165
450, -351983.0662007055, 224.02292230485165
451, -437169.3581717806, 224.02292230485165
452, 0.0, 224.02292230485165
453, -298.392615331682, 224.02292230485165
454, 0.0, 224.02292230485165
455, -114894.10306128248, 224.02292230485165
456, -352.5721236458323, 224.02292230485165
457, -468.11973401280545, 224.02292230485165
458, -20986.718910756033, 224.02292230485165
459, 32.52083721596242, 224.02292230485165
460, -404924.4326778152, 224.02292230485165
461, 0.0, 224.02292230485165
462, -282764.76597964496, 224.02292230485165
463, -2299.969877988745, 224.02292230485165
464, -268157.58231062966, 224.02292230485165
465, -267347.71208639926, 224.02292230485165
466, -438744.7547550779, 224.02292230485165
467, -432062.15734152845, 224.02292230485165
468, -362563.5136933895, 224.02292230485165
469, -240760.48224719812, 224.02292230485165
470, 0.0, 224.02292230485165
471, 0.0, 224.02292230485165
472, -63.79222307587112, 224.02292230485165
473, -343806.9889475309, 224.02292230485165
474, -340854.36822462955, 224.02292230485165
475, -366777.03821653745, 224.02292230485165
476, -196857.06368008256, 224.02292230485165
477, -129029.91599299382, 224.02292230485165
478, -63425.932995693816, 224.02292230485165
479, 0.0, 224.02292230485165
480, -6636.52310247141, 224.02292230485165
481, -388812.3525184701, 224.02292230485165
482, -356908.54136383964, 224.02292230485165
483, -323320.403826947, 224.02292230485165
484, -263577.4991267136, 224.02292230485165
485, 133.95014507757924, 224.02292230485165
486, -125.90777416610037, 224.02292230485165
487, -200298.26083503762, 224.02292230485165
488, -316765.01139132446, 224.02292230485165
489, -332078.5405721774, 224.02292230485165
490, -6728.2332832172415, 224.02292230485165
491, 0.0, 224.02292230485165
492, -366797.0034125048, 224.02292230485165
493, -322707.1913603855, 224.02292230485165
494, 0.0, 224.02292230485165
495, -90707.62205989964, 224.02292230485165
496, -447415.60517778853, 224.02292230485165
497, -438786.3464154744, 224.02292230485165
498, -251217.54783186497, 224.02292230485165
499, -409.7472892035153, 224.02292230485165
500, 18.77787707672207, 224.02292230485165
