1, 0.0, 0.0
2, -336796.30312732287, 0.0
3, -348801.6117237285, 0.0
4, 0.0, 0.0
5, 133.89967102460753, 0.0
6, -308.94424286923766, 133.89967102460753
7, -24067.527428240723, 133.89967102460753
8, -361029.2432809813, 133.89967102460753
9, -10.479081541326908, 133.89967102460753
10, -440021.8901628312, 133.89967102460753
11, -331526.2646574738, 133.89967102460753
12, -449507.9950424018, 133.89967102460753
13, -325261.81163971557, 133.89967102460753
14, -276110.36631744116, 133.89967102460753
15, -456790.60351456987, 133.89967102460753
16, 0.0, 133.89967102460753
17, -188.64742004734455, 133.89967102460753
18, -196417.24470123835, 133.89967102460753
19, 0.0, 133.89967102460753
20, 0.0, 133.89967102460753
21, -439768.0299362717, 133.89967102460753
22, -458257.9217995327, 133.89967102460753
23, -1002.0764949507703, 133.89967102460753
24, -299.673292158973, 133.89967102460753
25, -356442.2690362976, 133.89967102460753
26, -178525.84972412165, 133.89967102460753
27, -231402.19576318207, 133.89967102460753
28, -25250.88710194119, 133.89967102460753
29, -347044.6783112497, 133.89967102460753
30, -53277.766122868175, 133.89967102460753
31, 0.0, 133.89967102460753
32, -90.69422802722947, 133.89967102460753
33, -22.9684820603303, 133.89967102460753
34, -349246.1648871121, 133.89967102460753
35, -376028.23549974087, 133.89967102460753
36, -355785.03179741325, 133.89967102460753
37, 0.0, 133.89967102460753
38, -6610.006778043398, 133.89967102460753
39, 0.0, 133.89967102460753
40, -115491.0645897054, 133.89967102460753
41, -305.4280367131865, 133.89967102460753
42, 0.0, 133.89967102460753
43, -345399.02867330145, 133.89967102460753
44, -45711.73742103475, 133.89967102460753
45, 0.0, 133.89967102460753
46, -963.1658906957497, 133.89967102460753
47, -439168.26209834905, 133.89967102460753
48, -437991.66559123684, 133.89967102460753
49, -165.63757384520085, 133.89967102460753
50, -216460.83264845383, 133.89967102460753
51, 0.0, 133.89967102460753
52, -368566.7167882039, 133.89967102460753
53, -13713.818850511303, 133.89967102460753
54, 0.0, 133.89967102460753
55, -21640.649130199366, 133.89967102460753
56, -142986.73184846388, 133.89967102460753
57, 49.260300858551965, 133.89967102460753
58, 0.0, 133.89967102460753
59, -356272.6574903215, 133.89967102460753
60, -979.5503676133328, 133.89967102460753
61, 0.0, 133.89967102460753
62, 0.0, 133.89967102460753
63, -290932.71522722027, 133.89967102460753
64, -302782.26394746586, 133.89967102460753
65, -348584.2057734215, 133.89967102460753
66, -58.4295971617223, 133.89967102460753
67, -247326.7044307359, 133.89967102460753
68, 0.0, 133.89967102460753
69, -811.4304584251179, 133.89967102460753
70, -420506.6503410919, 133.89967102460753
71, 0.0, 133.89967102460753
72, -1129.4181147460777, 133.89967102460753
73, -409707.52699966263, 133.89967102460753
74, -441466.86956667446, 133.89967102460753
75, -274225.7861248389, 133.89967102460753
76, 0.0, 133.89967102460753
77, -444502.36825688137, 133.89967102460753
78, -356217.83765833493, 133.89967102460753
79, -64088.45605960359, 133.89967102460753
80, -450900.5863674525, 133.89967102460753
81, -331050.29008139984, 133.89967102460753
82, 0.0, 133.89967102460753
83, 0.0, 133.89967102460753
84, -4446.468930533483, 133.89967102460753
85, -195733.06960947628, 133.89967102460753
86, -185188.31890392536, 133.89967102460753
87, -465734.6775013694, 133.89967102460753
88, -1110.8163736092845, 133.89967102460753
89, -356676.63241677097, 133.89967102460753
90, -42097.03136736546, 133.89967102460753
91, -201658.02902628656, 133.89967102460753
92, 134.53289614915812, 133.89967102460753
93, -356110.48934609187, 134.53289614915812
94, 0.0, 134.53289614915812
95, -402870.63618779485, 134.53289614915812
96, -357270.55836190504, 134.53289614915812
97, -246464.51050274994, 134.53289614915812
98, 0.0, 134.53289614915812
99, -924.1506176967355, 134.53289614915812
100, -449365.84310488217, 134.53289614915812
101, 0.0, 134.53289614915812
102, -362367.95227200736, 134.53289614915812
103, 0.0, 134.53289614915812
104, -19208.390187930523, 134.53289614915812
105, 0.0, 134.53289614915812
106, 134.8021656041701, 134.53289614915812
107, -343686.61926127534, 134.8021656041701
108, -458866.67455447034, 134.8021656041701
109, -446513.5364580745, 134.8021656041701
110, -459.70999833300516, 134.8021656041701
111, -268227.95483426936, 134.8021656041701
112, 0.0, 134.8021656041701
113, -49660.89244678257, 134.8021656041701
114, -360034.0251857275, 134.8021656041701
115, -457040.53787264996, 134.8021656041701
116, -332814.2998406357, 134.8021656041701
117, -943.5939821324127, 134.8021656041701
118, 136.73400616864683, 134.8021656041701
119, -285165.3362291596, 136.73400616864683
120, -19.858120962533192, 136.73400616864683
121, 0.0, 136.73400616864683
122, -246372.45218450777, 136.73400616864683
123, -344937.8458535283, 136.73400616864683
124, -819.7054268291263, 136.73400616864683
125, -220481.05657712423, 136.73400616864683
126, 134.31026529347074, 136.73400616864683
127, -348794.81015318766, 136.73400616864683
128, -206550.53920626783, 136.73400616864683
129, 130.28693014423752, 136.73400616864683
130, 112.08662132055566, 136.73400616864683
131, -323989.74785573734, 136.73400616864683
132, -236718.52902880736, 136.73400616864683
133, 0.0, 136.73400616864683
134, -940.6396870294684, 136.73400616864683
135, 0.0, 136.73400616864683
136, 137.82354595013877, 136.73400616864683
137, 0.0, 137.82354595013877
138, 0.0, 137.82354595013877
139, -914.1604395485958, 137.82354595013877
140, -290789.9909153368, 137.82354595013877
141, -41.05630581846531, 137.82354595013877
142, 133.7595360247355, 137.82354595013877
143, -301514.7134782704, 137.82354595013877
144, 0.0, 137.82354595013877
145, -356188.9970093774, 137.82354595013877
146, -88694.02421435696, 137.82354595013877
147, -343784.1488687117, 137.82354595013877
148, -9177.664582104157, 137.82354595013877
149, -23073.845602715497, 137.82354595013877
150, 0.0, 137.82354595013877
151, 0.0, 137.82354595013877
152, -164.26069545150548, 137.82354595013877
153, 133.82905555216712, 137.82354595013877
154, -443370.41958835034, 137.82354595013877
155, -64155.29300830023, 137.82354595013877
156, -275.7748149217432, 137.82354595013877
157, -350365.0616202491, 137.82354595013877
158, -282740.497214683, 137.82354595013877
159, -451827.947358514, 137.82354595013877
160, -424330.0318546003, 137.82354595013877
161, 0.0, 137.82354595013877
162, -440243.663445959, 137.82354595013877
163, 0.0, 137.82354595013877
164, -281456.8366243083, 137.82354595013877
165, -456371.2663688226, 137.82354595013877
166, 0.0, 137.82354595013877
1, 0.0, -inf
2, -14010.578482169323, 0.0
3, -443364.3682027868, 0.0
4, -418155.5575479158, 0.0
5, 0.0, 0.0
6, -331974.8905267803, 0.0
7, 137.427717467997, 0.0
8, -21076.883707589852, 137.427717467997
9, 0.0, 137.427717467997
10, 0.0, 137.427717467997
11, -441422.9369940094, 137.427717467997
12, -29.563195180805657, 137.427717467997
13, -62493.705440678285, 137.427717467997
14, -264455.4046347091, 137.427717467997
15, 60.39964856269225, 137.427717467997
16, 0.0, 137.427717467997
17, -351937.1803191856, 137.427717467997
18, -268447.3771752107, 137.427717467997
19, -348803.09468494076, 137.427717467997
20, -201272.12693254318, 137.427717467997
21, -940.602844771773, 137.427717467997
22, -24169.320166657188, 137.427717467997
23, -287742.1164514964, 137.427717467997
24, -149.8253895400193, 137.427717467997
25, 0.0, 137.427717467997
26, 0.0, 137.427717467997
27, -360852.184480004, 137.427717467997
28, -8990.031656034385, 137.427717467997
29, 0.0, 137.427717467997
30, -348159.27870292676, 137.427717467997
31, -278630.8537236373, 137.427717467997
32, 0.0, 137.427717467997
33, -333119.70568963926, 137.427717467997
34, -194083.61194363947, 137.427717467997
35, 24.03709016021441, 137.427717467997
36, 0.0, 137.427717467997
37, -283215.5443740317, 137.427717467997
38, -470895.5157151902, 137.427717467997
39, -451907.20035974396, 137.427717467997
40, 0.0, 137.427717467997
41, -354695.8529983488, 137.427717467997
42, 0.0, 137.427717467997
43, 133.57699206258195, 137.427717467997
44, -455066.4316676173, 137.427717467997
45, -801.9431881703524, 137.427717467997
46, -179157.57276655376, 137.427717467997
47, -303253.47197634855, 137.427717467997
48, -436527.6555697496, 137.427717467997
49, -1054.6180899735166, 137.427717467997
50, -438657.57066198264, 137.427717467997
51, -253850.0404713169, 137.427717467997
52, -221150.43800620263, 137.427717467997
53, -363486.0974739999, 137.427717467997
54, 132.81574897220585, 137.427717467997
55, -106372.53998519672, 137.427717467997
56, 0.0, 137.427717467997
57, 0.0, 137.427717467997
58, 0.0, 137.427717467997
59, -456500.23764466343, 137.427717467997
60, 0.0, 137.427717467997
61, 0.0, 137.427717467997
62, -454700.71022802073, 137.427717467997
63, -360902.85787282727, 137.427717467997
64, -460.68822469559257, 137.427717467997
65, 0.0, 137.427717467997
66, -352316.2546881994, 137.427717467997
67, 0.0, 137.427717467997
68, 0.0, 137.427717467997
69, -352709.7968820021, 137.427717467997
70, -37524.174572139134, 137.427717467997
71, -366847.9489574505, 137.427717467997
72, -449396.9782559222, 137.427717467997
73, -177573.71518678588, 137.427717467997
74, -437.78340495662945, 137.427717467997
75, 0.0, 137.427717467997
76, -486.399874954572, 137.427717467997
77, -249109.08170516352, 137.427717467997
78, -61780.18273641344, 137.427717467997
79, 0.0, 137.427717467997
80, -349157.8482969076, 137.427717467997
81, -414457.654257067, 137.427717467997
82, -139314.43652069877, 137.427717467997
83, 0.0, 137.427717467997
84, -79338.80950290352, 137.427717467997
85, -349743.4298974814, 137.427717467997
86, -271789.4872272735, 137.427717467997
87, -407337.3797100525, 137.427717467997
88, -322280.774529475, 137.427717467997
89, -40761.501218478734, 137.427717467997
90, -176177.9147622085, 137.427717467997
91, 0.0, 137.427717467997
92, -366741.6737252623, 137.427717467997
93, -293445.01212597627, 137.427717467997
94, -425.37735929242535, 137.427717467997
95, -326386.8984427543, 137.427717467997
96, -448253.89629990864, 137.427717467997
97, -346829.4720167103, 137.427717467997
98, -4407.9226044065435, 137.427717467997
99, -347333.07620036753, 137.427717467997
100, -113857.40974443755, 137.427717467997
101, -273430.59593852854, 137.427717467997
102, 0.0, 137.427717467997
103, 0.0, 137.427717467997
104, -337574.7840418734, 137.427717467997
105, -360082.8092751665, 137.427717467997
106, -129494.26938985521, 137.427717467997
107, -21025.21244140284, 137.427717467997
108, -456429.0104185663, 137.427717467997
109, -339323.56854609255, 137.427717467997
110, -4557.704958831851, 137.427717467997
111, 133.03580605046258, 137.427717467997
112, -21566.4142591256, 137.427717467997
113, -347520.99172469083, 137.427717467997
114, -356764.653159764, 137.427717467997
115, -346537.328318255, 137.427717467997
116, -353014.5730355174, 137.427717467997
117, -411269.08306222316, 137.427717467997
118, -346036.77253636916, 137.427717467997
119, -460444.5596802719, 137.427717467997
120, -221454.08977406617, 137.427717467997
121, -351300.27688876545, 137.427717467997
122, -35.41760109762425, 137.427717467997
123, -191418.2241930631, 137.427717467997
124, -272437.7340326137, 137.427717467997
125, -81.33972884292643, 137.427717467997
126, -284740.6113405765, 137.427717467997
127, 0.0, 137.427717467997
128, 134.2442426214724, 137.427717467997
129, 0.0, 137.427717467997
130, 0.0, 137.427717467997
131, -5575.644445641645, 137.427717467997
132, -936.015581639726, 137.427717467997
133, -266426.0962648435, 137.427717467997
134, 0.0, 137.427717467997
135, -367407.5198924397, 137.427717467997
136, -217016.21031677932, 137.427717467997
137, 0.0, 137.427717467997
138, 0.0, 137.427717467997
139, -191691.52995693986, 137.427717467997
140, -343201.5538583917, 137.427717467997
141, 6.224079602163375, 137.427717467997
142, -5178.911947935756, 137.427717467997
143, -361895.9107470672, 137.427717467997
144, -305167.77554460574, 137.427717467997
145, -344517.287828825, 137.427717467997
146, 132.7632375244454, 137.427717467997
147, 0.0, 137.427717467997
148, -352629.91894910915, 137.427717467997
149, 0.0, 137.427717467997
150, -129331.42418805388, 137.427717467997
151, 133.75169723983745, 137.427717467997
152, -348802.8714882842, 137.427717467997
153, -193982.43214299993, 137.427717467997
154, 0.0, 137.427717467997
155, 0.0, 137.427717467997
156, 137.08694807203776, 137.427717467997
157, -431756.3170428303, 137.427717467997
158, -411989.8089379973, 137.427717467997
159, 0.0, 137.427717467997
160, -446626.60038267117, 137.427717467997
161, -274245.27268309856, 137.427717467997
162, 0.0, 137.427717467997
163, -368588.3544178389, 137.427717467997
164, 0.0, 137.427717467997
165, -1022.7784838361717, 137.427717467997
166, 0.0, 137.427717467997
167, -230612.3576179345, 137.427717467997
168, -452116.48172154545, 137.427717467997
169, 134.8021656041704, 137.427717467997
170, 0.0, 137.427717467997
171, -920.0543595015554, 137.427717467997
172, -317075.76684877544, 137.427717467997
173, -298847.5378629288, 137.427717467997
174, -153.73362903451874, 137.427717467997
175, 0.0, 137.427717467997
176, -158193.11480349785, 137.427717467997
177, -350594.6322470377, 137.427717467997
178, -281461.28518673225, 137.427717467997
179, -348794.3757522145, 137.427717467997
180, -220196.9477045851, 137.427717467997
181, -422933.2129991609, 137.427717467997
182, -26.408765814483118, 137.427717467997
183, -340817.1640770276, 137.427717467997
184, -15.488856250527792, 137.427717467997
185, -180.2565590808627, 137.427717467997
186, -76458.7961465896, 137.427717467997
187, 134.8021656041701, 137.427717467997
188, -3957.2323991211815, 137.427717467997
189, 0.0, 137.427717467997
190, 134.43445878230477, 137.427717467997
191, -128766.07038359965, 137.427717467997
192, 0.0, 137.427717467997
193, 38.73712002776288, 137.427717467997
194, -200309.13075242602, 137.427717467997
195, 0.0, 137.427717467997
196, -355247.43568734534, 137.427717467997
197, 0.0, 137.427717467997
198, 134.33239174770873, 137.427717467997
199, -132.146763819146, 137.427717467997
200, 0.0, 137.427717467997
201, -3893.6326341800027, 137.427717467997
202, -159285.6876193295, 137.427717467997
203, 0.0, 137.427717467997
204, 137.42200765853698, 137.427717467997
205, -316569.2846939993, 137.427717467997
206, -373.44260500064433, 137.427717467997
207, 0.0, 137.427717467997
208, -426531.1077372502, 137.427717467997
209, -274056.539138525, 137.427717467997
210, -439736.23238495033, 137.427717467997
211, -354444.21164817864, 137.427717467997
212, 31.696377055393533, 137.427717467997
213, -453342.6159551914, 137.427717467997
214, -355429.95671314455, 137.427717467997
215, 0.0, 137.427717467997
216, 0.0, 137.427717467997
217, -432047.25263037847, 137.427717467997
218, 0.0, 137.427717467997
219, 0.0, 137.427717467997
220, 0.0, 137.427717467997
221, 137.82354595013882, 137.427717467997
222, -50094.45715526749, 137.82354595013882
223, -345561.3249828557, 137.82354595013882
224, -349169.5758532638, 137.82354595013882
225, 11.7027414228235, 137.82354595013882
226, -343726.8577001294, 137.82354595013882
227, 134.80216560417028, 137.82354595013882
228, 0.0, 137.82354595013882
229, 0.0, 137.82354595013882
230, -1934.1196061875894, 137.82354595013882
231, -622.0772158898661, 137.82354595013882
232, 0.0, 137.82354595013882
233, -339688.5285748078, 137.82354595013882
234, 0.0, 137.82354595013882
235, -17053.833150193543, 137.82354595013882
236, -251855.33863988594, 137.82354595013882
237, -422902.4169442889, 137.82354595013882
238, -430551.50497620937, 137.82354595013882
239, -422083.2634997771, 137.82354595013882
240, 0.0, 137.82354595013882
241, -348792.958103414, 137.82354595013882
242, -6900.1839822977345, 137.82354595013882
243, -10244.460437698126, 137.82354595013882
244, -273430.9653625176, 137.82354595013882
245, -214688.88926588668, 137.82354595013882
246, -358380.83352917945, 137.82354595013882
247, -342027.1576383406, 137.82354595013882
248, -457356.5522324336, 137.82354595013882
249, -590.5625306339849, 137.82354595013882
250, -150010.75115726973, 137.82354595013882
251, 0.0, 137.82354595013882
252, -28298.495194533418, 137.82354595013882
253, -453.8668262318921, 137.82354595013882
254, -322381.3822814102, 137.82354595013882
255, -269158.0978092555, 137.82354595013882
256, -287845.7216703126, 137.82354595013882
257, 0.0, 137.82354595013882
258, -214421.43388121028, 137.82354595013882
259, -316637.33374135057, 137.82354595013882
260, -115392.26859956028, 137.82354595013882
261, -75576.35538264914, 137.82354595013882
262, -445178.7047681412, 137.82354595013882
263, -65820.67619493713, 137.82354595013882
264, 136.73400616864708, 137.82354595013882
265, 0.0, 137.82354595013882
266, -977.2705844519551, 137.82354595013882
267, -427584.64322813513, 137.82354595013882
268, 61.79753947030293, 137.82354595013882
269, -355468.981873351, 137.82354595013882
270, -176668.6635236041, 137.82354595013882
271, -27563.983804042582, 137.82354595013882
272, 19.305909643534715, 137.82354595013882
273, 0.0, 137.82354595013882
274, 0.0, 137.82354595013882
275, -449213.845541705, 137.82354595013882
276, -468982.49845789536, 137.82354595013882
277, 0.0, 137.82354595013882
278, -457755.53352352686, 137.82354595013882
279, 0.0, 137.82354595013882
280, -455740.7340533005, 137.82354595013882
281, -369250.978259168, 137.82354595013882
282, -343120.9040747753, 137.82354595013882
283, -77068.68247920966, 137.82354595013882
284, -230300.5331247284, 137.82354595013882
285, -357461.21902972244, 137.82354595013882
286, -270333.95832423394, 137.82354595013882
287, -405920.15653610975, 137.82354595013882
288, -389589.7076627195, 137.82354595013882
289, 0.0, 137.82354595013882
290, -79137.27262348072, 137.82354595013882
291, -4415.72575129803, 137.82354595013882
292, -195534.47102991948, 137.82354595013882
293, -345631.82647805096, 137.82354595013882
294, -345766.27794154885, 137.82354595013882
295, -103828.00418869723, 137.82354595013882
296, -49470.22849687385, 137.82354595013882
297, -394.474559326259, 137.82354595013882
298, -185993.50963578172, 137.82354595013882
299, -60653.361531726376, 137.82354595013882
300, -349743.4298974813, 137.82354595013882
301, -187.36478182887063, 137.82354595013882
302, -350597.9622057387, 137.82354595013882
303, -1142.3818299344568, 137.82354595013882
304, 0.0, 137.82354595013882
305, 0.0, 137.82354595013882
306, 0.0, 137.82354595013882
307, 0.0, 137.82354595013882
308, -332962.43191532145, 137.82354595013882
309, -441676.50298763067, 137.82354595013882
310, -2435.696976938295, 137.82354595013882
311, 0.0, 137.82354595013882
312, -297.48741514658906, 137.82354595013882
313, -347049.1744464757, 137.82354595013882
314, -234422.35977226048, 137.82354595013882
315, -392028.28312016453, 137.82354595013882
316, -340594.1895737679, 137.82354595013882
317, 0.0, 137.82354595013882
318, 0.0, 137.82354595013882
319, 0.0, 137.82354595013882
320, -271.72391860309386, 137.82354595013882
321, -58.49838814647454, 137.82354595013882
322, -386506.0355299922, 137.82354595013882
323, -129232.69203883415, 137.82354595013882
324, -793.0215579752285, 137.82354595013882
325, -85.54943826851145, 137.82354595013882
326, 133.0358060504626, 137.82354595013882
327, -343739.55232888926, 137.82354595013882
328, -28.240410952977335, 137.82354595013882
329, -348794.7634547995, 137.82354595013882
330, -451889.54067620856, 137.82354595013882
331, -341494.4684192906, 137.82354595013882
332, -325289.80025440175, 137.82354595013882
333, -322587.42183146, 137.82354595013882
334, -234467.79365357963, 137.82354595013882
335, 0.0, 137.82354595013882
336, -372760.60415680613, 137.82354595013882
337, -444844.7694888533, 137.82354595013882
338, -9176.348941879012, 137.82354595013882
339, -343713.6679402674, 137.82354595013882
340, -27983.953881177702, 137.82354595013882
341, 0.0, 137.82354595013882
342, 136.83792327434918, 137.82354595013882
343, -4724.12959647069, 137.82354595013882
344, -52493.03770443941, 137.82354595013882
345, -361029.2432809813, 137.82354595013882
346, 0.0, 137.82354595013882
347, -430552.2607054926, 137.82354595013882
348, -74935.5727597453, 137.82354595013882
349, 0.0, 137.82354595013882
350, 134.80216560417028, 137.82354595013882
351, 0.0, 137.82354595013882
352, 0.0, 137.82354595013882
353, -9337.28171777198, 137.82354595013882
354, -458548.78966927057, 137.82354595013882
355, -347259.0113134196, 137.82354595013882
356, -369173.980045699, 137.82354595013882
357, -143885.42907907834, 137.82354595013882
358, -318127.0586146012, 137.82354595013882
359, 0.0, 137.82354595013882
360, -349035.385402643, 137.82354595013882
361, -52476.0783374131, 137.82354595013882
362, 0.0, 137.82354595013882
363, -238470.25728379987, 137.82354595013882
364, 0.0, 137.82354595013882
365, -47705.63248691499, 137.82354595013882
366, 0.0, 137.82354595013882
367, -353663.77350666636, 137.82354595013882
368, 0.0, 137.82354595013882
369, -340861.60542419524, 137.82354595013882
370, -208.40850621800996, 137.82354595013882
371, -428698.6320476673, 137.82354595013882
372, 0.0, 137.82354595013882
373, 0.0, 137.82354595013882
374, -287390.12259344023, 137.82354595013882
375, -473360.26046126056, 137.82354595013882
376, -454516.61827659904, 137.82354595013882
377, -322638.24063210236, 137.82354595013882
378, -347855.4844113953, 137.82354595013882
379, -47.485199623365034, 137.82354595013882
380, -27.63849261996595, 137.82354595013882
381, -453122.868880784, 137.82354595013882
382, -337067.0204477878, 137.82354595013882
383, -339036.1159441741, 137.82354595013882
384, -593.2456430711497, 137.82354595013882
385, -274190.0740561368, 137.82354595013882
386, -359986.80583714764, 137.82354595013882
387, 133.03580605046272, 137.82354595013882
388, -599.4524001207981, 137.82354595013882
389, -27915.14907108341, 137.82354595013882
390, -414400.5775030918, 137.82354595013882
391, -318051.1686278244, 137.82354595013882
392, -372.0029445587712, 137.82354595013882
393, -131849.9816157135, 137.82354595013882
394, -362042.3291034859, 137.82354595013882
395, -676.4659782475719, 137.82354595013882
396, -427984.1880944171, 137.82354595013882
397, 0.0, 137.82354595013882
398, 0.0, 137.82354595013882
399, -6994.370197915318, 137.82354595013882
400, -17.87030815949909, 137.82354595013882
401, -4029.7270736029377, 137.82354595013882
402, 0.0, 137.82354595013882
403, -193533.2066599877, 137.82354595013882
404, -965.8047076944276, 137.82354595013882
405, 0.0, 137.82354595013882
406, -9200.383895336457, 137.82354595013882
407, -70847.9574001059, 137.82354595013882
408, -438625.1496503041, 137.82354595013882
409, -48876.118714446304, 137.82354595013882
410, 0.0, 137.82354595013882
411, -30025.13324568531, 137.82354595013882
412, -404323.93739053136, 137.82354595013882
413, 0.0, 137.82354595013882
414, -280349.0606271322, 137.82354595013882
415, 0.0, 137.82354595013882
416, -80548.40504435645, 137.82354595013882
417, -368953.37953914696, 137.82354595013882
418, -459926.10780865443, 137.82354595013882
419, -295637.78231150546, 137.82354595013882
420, -222927.362766265, 137.82354595013882
421, -322169.6522410066, 137.82354595013882
422, -431783.8222397956, 137.82354595013882
423, -8.089995264945113, 137.82354595013882
424, 0.0, 137.82354595013882
425, -278800.7228228741, 137.82354595013882
426, -242865.64152954821, 137.82354595013882
427, -262360.72532995715, 137.82354595013882
428, 0.0, 137.82354595013882
429, 0.0, 137.82354595013882
430, -359996.4569328409, 137.82354595013882
431, -286661.42532025237, 137.82354595013882
432, -287458.30181585625, 137.82354595013882
433, -907.7866307764982, 137.82354595013882
434, -12.043152106629353, 137.82354595013882
435, -269455.128176591, 137.82354595013882
436, -353222.00765113434, 137.82354595013882
437, -309.7116778292337, 137.82354595013882
438, -274343.8215538107, 137.82354595013882
439, 0.0, 137.82354595013882
440, 0.0, 137.82354595013882
441, -20988.33759096047, 137.82354595013882
442, -193629.04762599902, 137.82354595013882
443, -202145.51994063525, 137.82354595013882
444, -363780.4540675103, 137.82354595013882
445, -201725.8038495876, 137.82354595013882
446, -345656.5632960765, 137.82354595013882
447, 0.0, 137.82354595013882
448, -347208.28409685974, 137.82354595013882
449, -19129.60039771615, 137.82354595013882
450, 69.9026784690556, 137.82354595013882
451, -813.0305263404451, 137.82354595013882
452, -9386.139244048718, 137.82354595013882
453, 0.0, 137.82354595013882
454, -348794.832949299, 137.82354595013882
455, -366815.70490954124, 137.82354595013882
456, -343746.13443995296, 137.82354595013882
457, -195189.42614778515, 137.82354595013882
458, -11.665536439546159, 137.82354595013882
459, -336874.0811512613, 137.82354595013882
460, -352623.5057192818, 137.82354595013882
461, 0.0, 137.82354595013882
462, -2369.9622042523633, 137.82354595013882
463, 2.5256198855200793, 137.82354595013882
464, 0.0, 137.82354595013882
465, -62.86077260745542, 137.82354595013882
466, 0.0, 137.82354595013882
467, -114152.16002659187, 137.82354595013882
468, -124725.54007719492, 137.82354595013882
469, -345592.4242363447, 137.82354595013882
470, -452850.7347362309, 137.82354595013882
471, -286910.7433397466, 137.82354595013882
472, 0.0, 137.82354595013882
473, 0.0, 137.82354595013882
474, -409684.4831229099, 137.82354595013882
475, -117049.10694861854, 137.82354595013882
476, -472566.92563026975, 137.82354595013882
477, -276110.36631744116, 137.82354595013882
478, -47.038060803694165, 137.82354595013882
479, -49.06546459154399, 137.82354595013882
480, -221310.5799229936, 137.82354595013882
481, -50984.67673479332, 137.82354595013882
482, -92025.62388555559, 137.82354595013882
483, 134.45094521106336, 137.82354595013882
484, 0.0, 137.82354595013882
485, -351961.5320734497, 137.82354595013882
486, 0.0, 137.82354595013882
487, 134.80216560417028, 137.82354595013882
488, -149238.24444332757, 137.82354595013882
489, -343203.10992008174, 137.82354595013882
490, -214911.91591792868, 137.82354595013882
491, 0.0, 137.82354595013882
492, 0.0, 137.82354595013882
493, -27540.79268140266, 137.82354595013882
494, 0.0, 137.82354595013882
495, -358009.4177980183, 137.82354595013882
496, -20975.698239747355, 137.82354595013882
497, 0.0, 137.82354595013882
498, -442429.28571955615, 137.82354595013882
499, -384165.639818855, 137.82354595013882
500, 10.816969318492276, 137.82354595013882
